data	D00040	D00066	D00067	D00075	D00088	D00094	D00105	D00129	D00143	D00163	D00182	D00187	D00188	D00211	D00246	D00279	D00299	D00312	D00316	D00327	D00348	D00443	D00462	D00506	D00554	D00565	D00577	D00585	D00586	D00596	D00627	D00690	D00730	D00898	D00930	D00950	D00951	D00954	D00956	D00961	D00962	D00965	D01115	D01132	D01161	D01217	D01294	D01387	D01441	D01689	D02217	D02367	D04066	D05341	
D00040	1.0	0.76013	0.4741	0.63179	0.68449	0.35423	0.51192	0.68321	0.83679	0.88207	0.62962	0.70663	0.70192	0.87987	0.72056	0.20026	0.77226	0.53	0.35526	0.70538	0.35423	0.70548	0.72038	0.1891	0.52269	0.28372	0.20423	0.65692	0.25744	0.295	0.24051	0.75653	0.17038	0.20551	0.71847	0.64308	0.65843	0.64308	0.62679	0.25013	0.34218	0.28474	0.73326	0.25333	0.67088	0.75936	0.74074	0.8679	0.30846	0.77814	0.26192	0.60923	0.55962	0.25256	
D00066	0.94667	1.0	0.58683	0.81413	0.85041	0.39841	0.63365	0.76051	0.96866	0.88115	0.81438	0.76938	0.67855	0.90892	0.87956	0.26016	0.8144	0.63725	0.41159	0.8993	0.39841	0.82321	0.87302	0.24492	0.64698	0.30651	0.22127	0.8412	0.27571	0.36571	0.26794	0.91416	0.20857	0.24063	0.77647	0.83262	0.83012	0.83262	0.83867	0.29873	0.49027	0.29619	0.83293	0.30746	0.74231	0.99909	0.88444	0.9365	0.47589	0.97256	0.31333	0.77046	0.73786	0.28159	
D00067	0.77821	0.77159	1.0	0.88783	0.91892	0.389	0.97981	0.76756	0.78403	0.84138	0.895	0.751	0.71319	0.91019	0.83678	0.3162	0.75226	0.90928	0.43692	0.81141	0.389	0.81726	0.78857	0.297	0.98138	0.4006	0.3776	0.76413	0.343	0.47193	0.51435	0.8697	0.2934	0.3796	0.78612	0.88123	0.84578	0.88123	0.91973	0.4314	0.58959	0.40118	0.8237	0.3568	0.83242	0.79636	0.85309	0.8235	0.61589	0.82907	0.46333	0.83877	0.97986	0.2934	
D00075	0.81154	0.84492	0.72617	1.0	0.96892	0.407	0.809	0.76205	0.82284	0.86069	0.96719	0.74675	0.68551	0.91732	0.88911	0.2405	0.80167	0.69101	0.37017	0.87775	0.407	0.77548	0.83127	0.25667	0.79083	0.2925	0.24117	0.77547	0.28583	0.3345	0.2979	0.91634	0.20317	0.25217	0.80588	0.95231	0.85602	0.95231	0.98253	0.27133	0.49432	0.3245	0.79424	0.27133	0.77593	0.86636	0.78877	0.8697	0.43603	0.87105	0.30383	0.89015	0.90386	0.29517	
D00088	0.72333	0.70122	0.60432	0.78541	1.0	0.38284	0.63054	0.67962	0.67284	0.76149	0.82649	0.66412	0.60014	0.87994	0.86056	0.23324	0.67381	0.59757	0.38635	0.73878	0.38284	0.68298	0.69392	0.24122	0.68527	0.31243	0.24351	0.72653	0.28568	0.35162	0.27932	0.85178	0.19149	0.24851	0.72282	0.81297	0.79964	0.81297	0.8528	0.31459	0.38405	0.32324	0.73207	0.26311	0.70846	0.71405	0.68222	0.8063	0.30365	0.81977	0.29068	0.78689	0.69446	0.28973	
D00094	0.73974	0.64476	0.4472	0.61717	0.73676	1.0	0.4763	0.80936	0.65507	0.75299	0.65422	0.8055	0.7471	0.93911	0.79522	0.32191	0.81488	0.61246	0.63038	0.70056	0.98043	0.7975	0.6127	0.32426	0.55241	0.43319	0.38149	0.72533	0.42298	0.58386	0.53548	0.83356	0.23702	0.42617	0.84824	0.65923	0.7853	0.65923	0.71307	0.53193	0.69703	0.50471	0.81435	0.41191	0.78714	0.66136	0.76802	0.8404	0.6163	0.79965	0.4886	0.672	0.65586	0.45043	
D00105	0.76628	0.75683	0.90796	0.906	0.8927	0.35056	1.0	0.75564	0.77015	0.83069	0.89484	0.73288	0.68275	0.91599	0.82644	0.29352	0.76286	0.83725	0.38444	0.79958	0.35056	0.78643	0.77381	0.27574	0.98121	0.37167	0.35037	0.74067	0.33537	0.39579	0.45016	0.8605	0.27241	0.35222	0.786	0.88108	0.82349	0.88108	0.9208	0.36667	0.53608	0.37815	0.81359	0.33611	0.81429	0.78227	0.79173	0.8142	0.56164	0.80651	0.39737	0.83862	0.99543	0.2587	
D00129	0.68321	0.57397	0.41936	0.53821	0.62987	0.42385	0.45718	1.0	0.60718	0.74747	0.56538	0.81462	0.81038	0.86631	0.67467	0.22385	0.8356	0.45551	0.39641	0.60244	0.42385	0.65214	0.55731	0.23282	0.49615	0.32628	0.24795	0.55077	0.29167	0.31974	0.29256	0.71881	0.17987	0.26333	0.96271	0.55256	0.65217	0.55256	0.57551	0.31372	0.39885	0.33077	0.68	0.27577	0.64769	0.58615	0.64185	0.7548	0.32372	0.68081	0.27372	0.57846	0.52385	0.26282	
D00143	0.97359	0.91075	0.55239	0.73597	0.76959	0.36552	0.59642	0.74397	1.0	0.8831	0.73343	0.75438	0.66377	0.91529	0.81511	0.23149	0.80012	0.59449	0.38627	0.81507	0.36552	0.81988	0.82149	0.21851	0.60896	0.27507	0.21836	0.76147	0.25552	0.33209	0.25522	0.85495	0.18299	0.23627	0.76129	0.74836	0.79133	0.74836	0.75893	0.26776	0.4377	0.27761	0.83478	0.2897	0.71692	0.90985	0.8979	0.8767	0.40781	0.90302	0.28552	0.70313	0.66686	0.26537	
D00163	0.77195	0.70276	0.43736	0.56816	0.62299	0.30701	0.47126	0.64713	0.74931	1.0	0.56621	0.59402	0.54161	0.87516	0.67267	0.20172	0.6269	0.48759	0.32264	0.64586	0.30701	0.62931	0.69414	0.2023	0.48092	0.27448	0.19678	0.57736	0.26356	0.29724	0.22414	0.71257	0.16333	0.2	0.63184	0.5777	0.61138	0.5777	0.56368	0.27609	0.33747	0.28494	0.67641	0.25241	0.59615	0.7031	0.71218	0.764	0.32276	0.70046	0.25805	0.55552	0.51713	0.21724	
D00182	0.75962	0.78406	0.68281	0.90656	0.95757	0.39656	0.74328	0.73949	0.76239	0.81414	1.0	0.7225	0.65739	0.91197	0.889	0.24047	0.74143	0.63493	0.38203	0.85042	0.39656	0.7556	0.77063	0.25141	0.82094	0.31078	0.26109	0.76667	0.27703	0.32328	0.27375	0.90891	0.20547	0.27141	0.77224	0.98462	0.84699	0.98462	0.9836	0.30016	0.44568	0.31922	0.77511	0.27219	0.77582	0.80636	0.75235	0.8503	0.41192	0.86023	0.30125	0.92246	0.83414	0.305	
D00187	0.68238	0.56325	0.42137	0.51875	0.59137	0.40537	0.44363	0.82675	0.59675	0.67207	0.543	1.0	0.86387	0.84611	0.67011	0.21737	0.97607	0.468	0.40412	0.594	0.4135	0.65655	0.57437	0.20425	0.4805	0.31137	0.258	0.54763	0.27312	0.3235	0.267	0.71564	0.15487	0.273	0.86776	0.55562	0.63578	0.55562	0.56775	0.28312	0.36725	0.29862	0.70565	0.25875	0.63407	0.57512	0.6684	0.7689	0.30912	0.66198	0.27637	0.57862	0.48537	0.25512	
D00188	0.81385	0.5942	0.4571	0.55899	0.66568	0.43783	0.4829	0.92231	0.63565	0.74793	0.5871	0.99725	1.0	0.85287	0.76244	0.23319	0.97345	0.51507	0.42435	0.65366	0.44725	0.71083	0.62087	0.22058	0.52565	0.33014	0.25884	0.61987	0.30043	0.3442	0.29203	0.76455	0.17797	0.26159	0.91518	0.60014	0.72193	0.60014	0.64653	0.29739	0.44581	0.31928	0.74326	0.28377	0.72143	0.60928	0.75185	0.8264	0.37699	0.74163	0.29609	0.61087	0.52714	0.2958	
D00211	0.39178	0.32197	0.24911	0.31803	0.36713	0.25949	0.27962	0.37822	0.35306	0.44268	0.33739	0.37038	0.31529	1.0	0.44573	0.15535	0.39331	0.29975	0.26471	0.3728	0.25949	0.43548	0.33994	0.16401	0.29312	0.22236	0.18854	0.33713	0.20955	0.24554	0.21115	0.49822	0.1307	0.19484	0.42064	0.33783	0.41331	0.33783	0.38331	0.22236	0.2979	0.23197	0.46834	0.19178	0.39529	0.33503	0.39803	0.43389	0.24707	0.40408	0.22006	0.3314	0.33949	0.13892	
D00246	0.59122	0.58856	0.42478	0.58489	0.68811	0.33178	0.45756	0.54533	0.56722	0.64033	0.62789	0.56233	0.53611	0.85968	1.0	0.22278	0.59089	0.46456	0.33967	0.63267	0.33178	0.63478	0.55189	0.21122	0.50256	0.29033	0.209	0.59489	0.26333	0.31178	0.23567	0.85644	0.15922	0.22133	0.58011	0.639	0.63367	0.639	0.64789	0.29467	0.34078	0.294	0.65196	0.24411	0.54923	0.59911	0.59356	0.742	0.28267	0.766	0.23033	0.59411	0.53556	0.23867	
D00279	0.82205	0.79905	0.743	0.75783	0.83595	0.71404	0.76056	0.84564	0.79612	0.85954	0.78609	0.84788	0.80957	0.94197	0.86944	1.0	0.85524	0.80014	0.95365	0.84535	0.71404	0.8881	0.79905	0.74133	0.77569	0.97087	0.80429	0.8956	0.71953	0.90561	0.85403	0.93644	0.62107	0.79872	0.87835	0.78908	0.86265	0.78908	0.88453	0.92368	0.96149	0.82157	0.89609	0.85683	0.92352	0.80727	0.85519	0.9028	0.91205	0.89674	0.84456	0.78908	0.83957	0.32536	
D00299	0.70298	0.5719	0.39214	0.53833	0.56893	0.38762	0.44893	0.80095	0.60381	0.66034	0.52429	0.92988	0.80024	0.84433	0.65556	0.20857	1.0	0.44083	0.3875	0.60012	0.38762	0.65321	0.5825	0.19929	0.4581	0.2981	0.24619	0.54286	0.25179	0.31179	0.25905	0.6797	0.14798	0.26048	0.85788	0.53631	0.58524	0.53631	0.5444	0.27012	0.35238	0.27607	0.70652	0.24798	0.59352	0.58321	0.63762	0.7587	0.29488	0.63837	0.26369	0.55821	0.51726	0.2356	
D00312	0.63115	0.5529	0.72652	0.64884	0.68243	0.30319	0.71072	0.57397	0.56638	0.67782	0.64899	0.60088	0.51507	0.83771	0.69089	0.23623	0.61357	1.0	0.31638	0.59845	0.30319	0.65202	0.5787	0.28594	0.71087	0.34261	0.29536	0.58067	0.29957	0.37609	0.35609	0.73	0.2171	0.29681	0.61341	0.65087	0.69687	0.65087	0.6864	0.31957	0.40216	0.33304	0.66935	0.26957	0.65121	0.56797	0.69062	0.7252	0.40466	0.67849	0.33087	0.61899	0.79014	0.21536	
D00316	0.67859	0.59635	0.39962	0.4995	0.67473	0.53712	0.42037	0.71974	0.61791	0.71287	0.56391	0.74363	0.66333	0.89	0.74222	0.50596	0.75702	0.55536	1.0	0.65268	0.54615	0.72417	0.5673	0.41846	0.46862	0.55788	0.46962	0.72307	0.36769	0.64158	0.53419	0.79832	0.35673	0.52404	0.73906	0.57446	0.70241	0.57446	0.6668	0.57614	0.74662	0.42462	0.74739	0.49365	0.74187	0.62773	0.69074	0.8055	0.68562	0.7664	0.48053	0.60138	0.59571	0.33904	
D00327	0.7591	0.77634	0.52451	0.72746	0.77811	0.37268	0.56732	0.68949	0.74676	0.82425	0.75479	0.67012	0.62634	0.90414	0.83744	0.25789	0.71881	0.52127	0.3931	1.0	0.37268	0.77488	0.80563	0.24437	0.60887	0.32901	0.23761	0.74547	0.30648	0.34648	0.27239	0.93584	0.1862	0.24944	0.734	0.7407	0.79675	0.7407	0.79427	0.32465	0.41297	0.33775	0.78272	0.27099	0.70659	0.78845	0.73938	0.9372	0.37849	0.9057	0.28296	0.68507	0.6662	0.2769	
D00348	0.73974	0.64476	0.4472	0.61717	0.73676	0.98043	0.4763	0.80936	0.65507	0.75299	0.65422	0.81363	0.75652	0.93911	0.79522	0.32191	0.81488	0.61246	0.63942	0.70056	1.0	0.7975	0.6127	0.32426	0.55241	0.43319	0.38149	0.72533	0.42298	0.58386	0.53548	0.83356	0.23702	0.42617	0.84824	0.65923	0.7853	0.65923	0.71307	0.53193	0.70946	0.50471	0.81435	0.41191	0.78714	0.66136	0.76802	0.8404	0.6163	0.79965	0.4886	0.672	0.65586	0.45043	
D00443	0.63619	0.58071	0.43619	0.50488	0.57905	0.37024	0.45155	0.5944	0.62357	0.67391	0.52464	0.61036	0.53762	0.8865	0.69944	0.24143	0.65321	0.48333	0.35464	0.62476	0.37024	1.0	0.57845	0.22119	0.47786	0.30798	0.20369	0.52631	0.27155	0.35131	0.26464	0.74634	0.15893	0.21667	0.62353	0.53214	0.6325	0.53214	0.56131	0.29738	0.37881	0.28595	0.92728	0.27869	0.60253	0.60298	0.72286	0.7266	0.34857	0.67942	0.28107	0.56929	0.48595	0.24262	
D00462	0.87359	0.85762	0.58841	0.78508	0.83811	0.36635	0.63524	0.74385	0.86493	0.96172	0.78578	0.7475	0.70522	0.9207	0.84289	0.26016	0.79357	0.63188	0.39794	0.91493	0.36635	0.8094	1.0	0.24492	0.64857	0.30508	0.22127	0.8008	0.27571	0.34825	0.28254	0.88515	0.20857	0.22429	0.79471	0.77369	0.84241	0.77369	0.81427	0.29413	0.47784	0.30524	0.81457	0.28952	0.75242	0.86318	0.82358	0.9053	0.43808	0.89209	0.33222	0.71292	0.72614	0.26698	
D00506	0.79192	0.75302	0.685	0.74167	0.81797	0.64851	0.70685	0.82974	0.75418	0.83782	0.76672	0.8105	0.76884	0.94866	0.84778	0.67667	0.82286	0.8342	0.82885	0.80451	0.64851	0.84476	0.75302	1.0	0.72569	0.87109	0.724	0.89973	0.73535	0.90982	0.88	0.92129	0.602	0.77385	0.84	0.78415	0.86096	0.78415	0.9144	0.89053	0.92473	0.91235	0.86652	0.71439	0.90571	0.76606	0.82395	0.8711	0.88616	0.85372	0.8114	0.78415	0.84014	0.35367	
D00554	0.72731	0.70857	0.84759	0.82317	0.895	0.36845	0.91431	0.74487	0.72478	0.79575	0.91187	0.72125	0.66928	0.90478	0.82833	0.27397	0.73357	0.78116	0.36828	0.78648	0.36845	0.76655	0.72556	0.25741	1.0	0.35948	0.36483	0.74293	0.33655	0.35224	0.41774	0.86218	0.25431	0.36655	0.76424	0.89785	0.82337	0.89785	0.9084	0.34724	0.49986	0.37638	0.80543	0.33103	0.80505	0.73621	0.78938	0.8049	0.53137	0.80744	0.35845	0.85538	0.92443	0.27328	
D00565	0.68167	0.57667	0.4782	0.51883	0.67946	0.45383	0.51537	0.72423	0.58567	0.73161	0.57078	0.72362	0.65348	0.89153	0.76456	0.61239	0.7369	0.65478	0.68846	0.67056	0.45383	0.74679	0.56683	0.5337	0.56017	1.0	0.65739	0.7436	0.5637	0.74298	0.76065	0.84891	0.44065	0.64348	0.77118	0.57708	0.74747	0.57708	0.74213	0.84456	0.90541	0.6698	0.76707	0.63652	0.78813	0.595	0.69852	0.8144	0.83644	0.75767	0.71386	0.57985	0.68857	0.26196	
D00577	0.73897	0.66397	0.6686	0.64533	0.75473	0.62915	0.69167	0.78269	0.68284	0.77655	0.70063	0.80363	0.73681	0.94229	0.80178	0.61029	0.81202	0.76087	0.78673	0.72944	0.62915	0.76952	0.65238	0.58543	0.74948	0.88935	1.0	0.82027	0.64349	0.87298	0.88016	0.87762	0.52257	0.9459	0.82271	0.70492	0.77783	0.70492	0.82387	0.87772	0.9	0.73412	0.78783	0.75951	0.85527	0.6797	0.74346	0.8398	0.86356	0.80209	0.84702	0.69354	0.77714	0.31486	
D00585	0.69423	0.686	0.4796	0.62027	0.7136	0.3632	0.50787	0.59833	0.658	0.71115	0.6632	0.60825	0.54227	0.84376	0.75656	0.3008	0.64679	0.50307	0.4256	0.73253	0.3632	0.63024	0.6844	0.32	0.56187	0.36853	0.30293	1.0	0.2996	0.39107	0.3284	0.85901	0.26027	0.30427	0.65282	0.67667	0.69434	0.67667	0.73867	0.3796	0.45267	0.368	0.68065	0.29467	0.68033	0.6852	0.62309	0.7966	0.37667	0.82756	0.31893	0.624	0.582	0.25	
D00586	0.69269	0.59032	0.4788	0.5515	0.69203	0.50553	0.53296	0.72692	0.61358	0.75414	0.5825	0.72175	0.66594	0.90873	0.76989	0.38116	0.72524	0.65261	0.53558	0.68901	0.50553	0.745	0.58365	0.41953	0.58741	0.62696	0.46302	0.71347	1.0	0.61281	0.64323	0.80545	0.40372	0.48674	0.74565	0.58862	0.74	0.58862	0.65067	0.76474	0.76541	0.99686	0.76543	0.50302	0.77418	0.60803	0.69963	0.8138	0.76123	0.76012	0.59193	0.59692	0.68486	0.25814	
D00596	0.55615	0.4581	0.35281	0.383	0.57446	0.41368	0.34474	0.5809	0.47687	0.63172	0.42938	0.60238	0.5129	0.8507	0.66078	0.39474	0.62357	0.54478	0.52246	0.53775	0.41368	0.6631	0.44063	0.46474	0.36897	0.55579	0.4986	0.62733	0.37456	1.0	0.56097	0.75198	0.3407	0.51789	0.65176	0.43785	0.62928	0.43785	0.6448	0.53579	0.81892	0.42807	0.70685	0.43667	0.69341	0.48182	0.61481	0.7284	0.73479	0.64558	0.45649	0.43062	0.56414	0.27789	
D00627	0.43949	0.28333	0.32661	0.26661	0.43662	0.30081	0.325	0.49154	0.32761	0.50287	0.30406	0.48525	0.39043	0.79809	0.53744	0.3221	0.5131	0.45449	0.37774	0.39535	0.30081	0.51869	0.29794	0.37935	0.35516	0.51032	0.45774	0.49653	0.36161	0.47097	1.0	0.63921	0.28597	0.45935	0.52412	0.32862	0.50313	0.32862	0.50253	0.49468	0.63284	0.39742	0.55467	0.44968	0.59143	0.31636	0.48914	0.6062	0.64068	0.51116	0.57048	0.33585	0.43314	0.19694	
D00690	0.51792	0.5402	0.3799	0.52257	0.59248	0.31495	0.40911	0.49792	0.51941	0.57812	0.55356	0.51396	0.44327	0.8442	0.72198	0.23535	0.51228	0.41406	0.32772	0.64772	0.31495	0.57941	0.5202	0.23941	0.44921	0.32069	0.24376	0.60139	0.24842	0.32941	0.26465	1.0	0.17317	0.24564	0.52653	0.54426	0.65069	0.54426	0.62139	0.31119	0.37248	0.27683	0.61337	0.24257	0.52713	0.5505	0.56376	0.64465	0.3296	0.71653	0.2501	0.50426	0.48505	0.21356	
D00730	0.87923	0.85524	0.856	0.83367	0.88622	0.77362	0.86519	0.87923	0.84896	0.8992	0.85719	0.87025	0.85275	0.97096	0.90289	0.88929	0.87548	0.87942	0.935	0.8693	0.77362	0.88643	0.85524	0.893	0.8731	0.94913	0.91057	0.95867	0.9	0.93895	0.92742	0.9295	1.0	0.92	0.88753	0.85908	0.87313	0.85908	0.92187	0.97123	0.92351	0.93059	0.89457	0.91805	0.93407	0.86091	0.85914	0.9014	0.96055	0.8886	0.93895	0.84492	0.90586	0.38762	
D00898	0.69051	0.61016	0.593	0.59167	0.7073	0.58979	0.62167	0.74833	0.64164	0.73517	0.65031	0.77013	0.68333	0.91994	0.771	0.52513	0.78012	0.70609	0.74942	0.68662	0.58979	0.73631	0.59381	0.55	0.68431	0.79109	0.84615	0.76987	0.57698	0.80719	0.81919	0.84109	0.47231	1.0	0.78035	0.65538	0.74229	0.65538	0.77467	0.8114	0.86257	0.66176	0.75848	0.66512	0.82385	0.63379	0.70593	0.8029	0.81178	0.76988	0.7807	0.63677	0.72314	0.28359	
D00930	0.63859	0.52541	0.38671	0.52059	0.59729	0.41459	0.43224	0.88282	0.55588	0.65414	0.53259	0.77859	0.73259	0.86548	0.60989	0.22788	0.81435	0.44153	0.36247	0.57424	0.41459	0.61212	0.54365	0.21235	0.45612	0.32612	0.25212	0.53871	0.26729	0.33224	0.26165	0.6802	0.16482	0.26388	1.0	0.52082	0.60918	0.52082	0.55165	0.29847	0.38082	0.30329	0.64891	0.25282	0.6189	0.53659	0.57612	0.7167	0.29812	0.60756	0.26388	0.54118	0.49871	0.24082	
D00950	0.75987	0.80277	0.67231	0.89262	0.94405	0.39062	0.73185	0.72667	0.77731	0.80264	0.98462	0.72537	0.65638	0.90624	0.88822	0.23692	0.74417	0.7071	0.38046	0.83634	0.39062	0.75155	0.75877	0.26185	0.80831	0.306	0.25723	0.79307	0.27277	0.31846	0.28385	0.89901	0.20246	0.26738	0.76047	1.0	0.83494	1.0	0.97027	0.29569	0.4323	0.31431	0.78435	0.26815	0.76484	0.82152	0.76469	0.8413	0.39959	0.88326	0.29677	0.93785	0.81986	0.30031	
D00951	0.57831	0.5847	0.46012	0.58723	0.69446	0.36458	0.48458	0.59373	0.59265	0.62736	0.62494	0.56566	0.55831	0.87051	0.69822	0.24157	0.56345	0.51169	0.35422	0.65651	0.36458	0.6325	0.60867	0.24157	0.5312	0.31506	0.21687	0.58012	0.27253	0.32542	0.25771	0.82356	0.17	0.22807	0.632	0.61289	1.0	0.61289	0.65988	0.30193	0.38108	0.32253	0.65848	0.26602	0.62582	0.60831	0.64446	0.686	0.30614	0.69372	0.29325	0.5753	0.58024	0.24855	
D00954	0.75987	0.80277	0.67231	0.89262	0.94405	0.39062	0.73185	0.72667	0.77731	0.80264	0.98462	0.72537	0.65638	0.90624	0.88822	0.23692	0.74417	0.7071	0.38046	0.83634	0.39062	0.75155	0.75877	0.26185	0.80831	0.306	0.25723	0.79307	0.27277	0.31846	0.28385	0.89901	0.20246	0.26738	0.76047	1.0	0.83494	1.0	0.97027	0.29569	0.4323	0.31431	0.78435	0.26815	0.76484	0.82152	0.76469	0.8413	0.39959	0.88326	0.29677	0.93785	0.81986	0.30031	
D00956	0.62	0.67053	0.5964	0.78853	0.83987	0.35093	0.6492	0.61282	0.64253	0.68897	0.84133	0.61388	0.56893	0.88994	0.79044	0.27667	0.63452	0.5312	0.36933	0.74253	0.35093	0.66524	0.65907	0.3324	0.68853	0.378	0.30653	0.69987	0.24413	0.412	0.3344	0.87109	0.24093	0.30907	0.66576	0.828	0.75337	0.828	1.0	0.3396	0.42453	0.31093	0.69261	0.2768	0.76615	0.6844	0.66309	0.7634	0.3452	0.75919	0.29533	0.77413	0.71347	0.26267	
D00961	0.51128	0.39238	0.31228	0.31983	0.53176	0.36175	0.31561	0.57487	0.41373	0.61057	0.40625	0.562	0.46609	0.84019	0.65033	0.43018	0.5819	0.4758	0.49105	0.51592	0.36175	0.60917	0.38651	0.43105	0.36397	0.65737	0.50333	0.59813	0.52649	0.53579	0.57161	0.71911	0.3586	0.50509	0.618	0.41508	0.60169	0.41508	0.5724	1.0	0.72338	0.58316	0.6475	0.52211	0.66527	0.42364	0.54691	0.7201	0.7337	0.63942	0.55667	0.40092	0.50771	0.16491	
D00962	0.39192	0.34608	0.28608	0.31081	0.38405	0.34311	0.285	0.44859	0.34595	0.4854	0.31459	0.44	0.38027	0.80452	0.51322	0.37135	0.46786	0.33662	0.4473	0.37365	0.35554	0.49429	0.33365	0.36027	0.30122	0.53838	0.40108	0.4656	0.35905	0.59608	0.48784	0.63178	0.2777	0.40486	0.50635	0.31432	0.48627	0.31432	0.43747	0.52459	1.0	0.40378	0.5388	0.39041	0.56198	0.35135	0.43469	0.6012	0.59162	0.50477	0.40635	0.32054	0.39757	0.22878	
D00965	0.62051	0.49079	0.38216	0.47	0.62473	0.42863	0.43204	0.66654	0.52806	0.68632	0.51625	0.65025	0.57232	0.88688	0.70433	0.38412	0.65714	0.56029	0.44327	0.61099	0.42863	0.67536	0.49	0.49392	0.49345	0.57471	0.4298	0.66653	0.84471	0.53018	0.55387	0.75703	0.36	0.43353	0.69129	0.50831	0.69651	0.50831	0.62133	0.68526	0.70419	1.0	0.70228	0.42569	0.75374	0.51848	0.61975	0.7667	0.68041	0.68291	0.48018	0.50785	0.61243	0.23725	
D01115	0.58565	0.52717	0.40196	0.46467	0.56337	0.33989	0.43402	0.55348	0.5712	0.63446	0.4887	0.57913	0.50076	0.86994	0.63087	0.2213	0.62217	0.42902	0.32565	0.5613	0.33989	0.84293	0.52989	0.21283	0.46804	0.28207	0.18685	0.50141	0.2488	0.34837	0.23837	0.70337	0.14598	0.19967	0.57587	0.49967	0.58141	0.49967	0.52217	0.27848	0.35957	0.27	1.0	0.26859	0.56359	0.54848	0.65989	0.6771	0.32793	0.63522	0.28261	0.54163	0.44837	0.22239	
D01132	0.71346	0.66159	0.5314	0.5785	0.69541	0.53574	0.56963	0.7359	0.6806	0.76529	0.62078	0.73162	0.67739	0.9079	0.751	0.54927	0.74452	0.65754	0.69885	0.68085	0.53574	0.77726	0.62825	0.45415	0.61534	0.72087	0.61756	0.72493	0.54814	0.72789	0.77823	0.81881	0.40488	0.6178	0.75494	0.62631	0.73952	0.62631	0.71653	0.79439	0.7773	0.61588	0.81685	1.0	0.79297	0.67606	0.75728	0.8401	0.79603	0.77791	0.77509	0.62769	0.69871	0.29268	
D01161	0.53231	0.44989	0.39538	0.44549	0.52725	0.31813	0.41989	0.50912	0.45308	0.55352	0.48802	0.51681	0.48692	0.80306	0.53857	0.2589	0.5189	0.4111	0.32615	0.49341	0.31813	0.51725	0.45396	0.26352	0.4533	0.31747	0.25835	0.50978	0.28879	0.33099	0.28231	0.62317	0.21484	0.26956	0.55495	0.47703	0.54055	0.47703	0.5956	0.32714	0.38077	0.32736	0.55304	0.26	1.0	0.45121	0.52604	0.6221	0.33044	0.51231	0.2644	0.47703	0.45956	0.22725	
D01217	0.90859	0.955	0.57591	0.79288	0.82392	0.38212	0.62061	0.73538	0.92433	0.84805	0.79167	0.74488	0.65145	0.90344	0.85778	0.24879	0.79107	0.61014	0.40727	0.87042	0.38212	0.81083	0.83379	0.23697	0.63333	0.29439	0.21879	0.8016	0.265	0.34955	0.25758	0.89564	0.19955	0.23697	0.75341	0.80682	0.81867	0.80682	0.81373	0.29136	0.45622	0.28727	0.82261	0.29394	0.71165	1.0	0.87272	0.916	0.43767	0.93802	0.29955	0.74561	0.70986	0.26924	
D01294	0.70481	0.66889	0.49383	0.54926	0.61037	0.36086	0.48037	0.60593	0.73025	0.77908	0.56074	0.65642	0.60815	0.87146	0.69056	0.21037	0.67226	0.54827	0.33148	0.6316	0.36086	0.7575	0.62	0.21321	0.52593	0.27938	0.19259	0.55123	0.2358	0.32741	0.2616	0.76485	0.15506	0.20296	0.62588	0.57309	0.67952	0.57309	0.60321	0.25951	0.35086	0.25173	0.77587	0.2663	0.6433	0.69309	1.0	0.7583	0.33593	0.7236	0.27086	0.57309	0.54679	0.25531	
D01387	0.6545	0.5953	0.3846	0.5278	0.5901	0.3263	0.4141	0.5415	0.5743	0.6379	0.5472	0.5749	0.5257	0.78955	0.6547	0.2044	0.6035	0.4245	0.3399	0.6836	0.3263	0.5714	0.5464	0.1921	0.4436	0.2906	0.2093	0.5541	0.2609	0.3113	0.2376	0.67891	0.1419	0.2112	0.5712	0.5572	0.5341	0.5572	0.567	0.303	0.349	0.2914	0.6092	0.2678	0.5387	0.6039	0.574	1.0	0.3198	0.7227	0.2507	0.5388	0.4843	0.2171	
D01441	0.37064	0.34301	0.31027	0.26329	0.31676	0.27082	0.30918	0.3859	0.32808	0.47885	0.29233	0.394	0.32384	0.76605	0.46589	0.31411	0.4219	0.35151	0.40658	0.35192	0.27082	0.4756	0.30521	0.31479	0.33205	0.47767	0.35863	0.40253	0.3626	0.51096	0.49452	0.59851	0.26959	0.36	0.43506	0.29329	0.42301	0.29329	0.37107	0.5211	0.59243	0.38808	0.52826	0.37082	0.52231	0.34466	0.43173	0.5817	1.0	0.51035	0.43288	0.27178	0.39425	0.14356	
D01689	0.68791	0.72442	0.45686	0.61163	0.68442	0.35977	0.47942	0.59058	0.7	0.71161	0.64593	0.5943	0.54988	0.84439	0.80911	0.24256	0.61581	0.48674	0.38291	0.75756	0.35977	0.66814	0.65372	0.23337	0.52547	0.30651	0.22686	0.70349	0.27512	0.34105	0.24047	0.87762	0.15547	0.23977	0.59628	0.65767	0.68093	0.65767	0.66895	0.31233	0.38407	0.28814	0.70902	0.27035	0.5656	0.72372	0.67849	0.8585	0.36372	1.0	0.26849	0.6107	0.5493	0.25058	
D02217	0.52308	0.40571	0.34421	0.35233	0.51351	0.31842	0.34632	0.53487	0.4303	0.59253	0.40734	0.55525	0.46478	0.8379	0.586	0.35105	0.57548	0.49957	0.39544	0.47423	0.31842	0.59286	0.4246	0.35193	0.37517	0.52667	0.47263	0.55173	0.35368	0.45772	0.64871	0.67267	0.32632	0.47439	0.58341	0.41615	0.59711	0.41615	0.52813	0.55667	0.61689	0.37807	0.65163	0.50281	0.62681	0.43182	0.55827	0.6678	0.64548	0.59558	1.0	0.40369	0.53686	0.19561	
D02367	0.75872	0.74062	0.62985	0.83046	0.91797	0.40338	0.68938	0.75256	0.73209	0.80368	0.92246	0.74838	0.6671	0.89981	0.84633	0.23692	0.76607	0.67522	0.40738	0.7807	0.40338	0.78869	0.698	0.26185	0.76585	0.29631	0.24585	0.7404	0.26862	0.31123	0.29108	0.85901	0.18831	0.24877	0.77129	0.93785	0.79735	0.93785	0.9164	0.28154	0.43743	0.31154	0.8263	0.26954	0.76484	0.7603	0.76469	0.8422	0.37808	0.83628	0.28431	1.0	0.78843	0.30015	
D04066	0.62218	0.627	0.70271	0.76529	0.74689	0.33714	0.77371	0.62333	0.61143	0.70126	0.751	0.60363	0.51329	0.87701	0.732	0.26886	0.65845	0.69314	0.34629	0.67986	0.33714	0.64214	0.62914	0.28586	0.75814	0.356	0.29214	0.60787	0.31071	0.384	0.32229	0.78277	0.22686	0.29357	0.66988	0.73671	0.73217	0.73671	0.77813	0.32757	0.45	0.34914	0.66152	0.303	0.68341	0.64057	0.66654	0.7292	0.43411	0.69593	0.35671	0.70529	1.0	0.25443	
D05341	0.93821	0.92825	0.856	0.92567	0.86649	0.80128	0.85148	0.96179	0.93134	0.9531	0.92906	0.96225	0.95942	0.63936	0.756	0.56786	0.9631	0.89014	0.91731	0.96	0.80128	0.9631	0.91365	0.64467	0.89207	0.78913	0.70286	0.93653	0.75442	0.89053	0.83839	0.76099	0.38762	0.73128	0.96329	0.92985	0.96289	0.92985	0.96107	0.77754	0.92351	0.80784	0.96457	0.76585	0.95429	0.93061	0.97383	0.9058	0.83452	0.87093	0.80825	0.944	0.93343	1.0	
